Projects/Mauro/IceThickness/surface_dem_rhone_2007.asc
NCOLS       167
NROWS       405
XLLCORNER          671237.50
YLLCORNER          157387.50
CELLSIZE           25.000000
NODATA_VALUE   -9999
[rows 203 to 231 of 405, columns 0 to 66 of 167]
3048.20 3023.40 2996.60 2957.40 2911.50 2873.90 2851.60 2836.90 2821.00 2808.40 2795.70 2783.20 2773.40 2761.90 2733.87 2734.23 2735.13 2738.24 2727.86 2707.75 2688.18 2669.92 2655.51 2649.50 2634.33 2622.58 2618.26 2613.49 2604.18 2599.38 2599.94 2601.71 2604.53 2606.70 2608.93 2611.48 2613.78 2616.47 2619.60 2622.49 2625.43 2627.95 2630.60 2632.80 2634.16 2636.24 2638.31 2640.80 2643.44 2646.08 2649.77 2653.55 2655.04 2663.12 2666.85 2670.94 2675.45 2679.14 2681.79 2690.35 2692.91 2696.58 2701.67 2705.50 2707.88 2712.47 2715.19
3030.10 3002.60 2971.10 2925.90 2899.40 2872.40 2852.20 2836.20 2820.90 2808.00 2796.40 2784.10 2775.30 2765.80 2740.41 2737.04 2741.73 2735.95 2721.86 2702.90 2684.66 2668.29 2656.59 2652.28 2636.03 2623.03 2615.24 2608.92 2601.77 2597.72 2598.95 2600.18 2603.50 2605.31 2607.41 2609.71 2612.00 2614.69 2617.86 2620.69 2623.67 2625.87 2628.27 2630.34 2632.33 2634.42 2636.52 2638.87 2640.64 2643.39 2647.88 2651.77 2656.08 2660.73 2667.39 2672.40 2673.41 2681.72 2684.01 2688.36 2687.87 2694.05 2700.16 2704.72 2703.34 2711.41 2714.26
3006.30 2981.00 2941.80 2913.40 2889.80 2871.50 2855.80 2838.70 2824.70 2809.10 2796.40 2783.30 2772.30 2753.20 2748.04 2739.44 2738.13 2732.87 2716.40 2699.84 2682.15 2669.78 2657.90 2650.59 2634.64 2618.82 2609.09 2604.94 2597.65 2595.89 2596.99 2600.07 2602.31 2604.11 2605.86 2607.94 2610.26 2613.02 2616.16 2619.39 2621.89 2624.20 2626.34 2628.42 2630.43 2632.25 2634.21 2637.35 2640.15 2641.68 2647.47 2654.09 2658.31 2662.56 2663.28 2667.60 2668.52 2672.14 2678.46 2685.08 2688.44 2694.78 2697.05 2702.40 2702.71 2708.34 2711.31
2979.70 2951.80 2918.90 2900.50 2883.90 2866.90 2854.30 2845.50 2832.30 2814.40 2798.70 2783.30 2772.30 2765.67 2756.92 2750.63 2740.42 2722.61 2707.87 2693.25 2679.59 2670.29 2654.23 2643.36 2626.08 2611.65 2602.47 2598.11 2594.85 2594.70 2596.12 2598.73 2600.40 2602.02 2604.16 2605.91 2608.43 2611.66 2614.47 2617.34 2620.11 2622.35 2624.55 2626.62 2628.40 2630.17 2632.41 2635.26 2638.05 2639.86 2646.76 2650.09 2651.60 2651.71 2654.76 2665.61 2672.19 2678.69 2681.98 2684.52 2690.23 2694.95 2697.05 2699.22 2703.58 2701.68 2710.62
2949.90 2930.90 2912.80 2897.40 2883.00 2870.30 2855.40 2844.50 2830.90 2812.50 2797.40 2782.90 2773.60 2764.51 2756.81 2748.09 2731.32 2716.06 2701.99 2688.98 2675.55 2664.31 2646.63 2632.42 2618.36 2606.31 2598.96 2594.48 2592.54 2593.62 2595.54 2597.28 2598.95 2600.59 2602.50 2604.16 2606.69 2609.60 2612.31 2615.59 2618.49 2620.91 2622.84 2624.90 2626.57 2628.39 2630.87 2633.26 2635.83 2640.77 2643.62 2644.18 2648.34 2656.73 2663.06 2669.46 2674.79 2678.74 2682.03 2683.60 2686.61 2691.82 2694.92 2696.13 2701.37 2698.73 2707.24
2935.30 2922.40 2909.60 2896.30 2885.20 2870.50 2851.90 2834.90 2822.10 2809.50 2795.50 2783.20 2765.18 2760.12 2750.50 2738.21 2726.63 2711.37 2693.83 2679.52 2664.52 2652.24 2637.75 2621.73 2607.36 2600.65 2596.24 2592.26 2591.08 2591.43 2594.25 2595.70 2597.42 2599.30 2600.99 2602.78 2605.20 2607.81 2610.58 2613.88 2616.58 2619.36 2621.59 2623.49 2625.06 2626.68 2629.04 2631.87 2634.31 2636.66 2637.64 2648.46 2652.23 2656.11 2660.00 2664.62 2666.56 2670.00 2675.48 2684.09 2686.43 2685.54 2687.66 2694.15 2700.56 2696.36 2706.13
2928.10 2916.20 2904.20 2891.60 2880.00 2859.90 2846.50 2831.40 2816.70 2802.30 2788.60 2775.20 2762.23 2749.69 2737.10 2726.38 2717.47 2699.25 2682.07 2662.52 2647.47 2641.24 2629.31 2611.34 2603.68 2597.76 2591.69 2589.40 2589.67 2590.53 2593.10 2594.47 2596.15 2598.05 2599.86 2601.80 2603.76 2606.31 2609.09 2611.83 2614.90 2617.28 2619.77 2621.75 2623.44 2625.06 2627.03 2630.05 2632.35 2629.65 2631.89 2638.40 2639.40 2648.33 2658.79 2663.43 2670.82 2674.39 2677.92 2682.45 2682.69 2681.52 2685.07 2687.22 2696.05 2692.21 2702.36
2919.30 2907.60 2896.90 2885.30 2873.60 2859.00 2840.90 2826.70 2812.20 2795.80 2782.10 2785.28 2764.48 2744.33 2727.48 2716.86 2697.02 2677.82 2660.55 2644.50 2637.14 2635.94 2620.84 2605.63 2599.07 2593.69 2589.26 2586.72 2588.38 2590.03 2591.82 2593.21 2594.86 2596.68 2598.55 2600.57 2602.44 2604.89 2607.71 2610.52 2613.15 2615.52 2617.00 2619.12 2621.48 2623.42 2625.54 2628.77 2630.02 2632.44 2635.71 2643.53 2649.45 2653.64 2658.30 2662.19 2669.29 2673.39 2674.64 2676.58 2677.79 2680.82 2684.20 2687.23 2690.87 2691.46 2695.56
2911.00 2899.10 2889.70 2878.00 2864.70 2851.00 2834.90 2818.70 2803.40 2790.80 2778.80 2771.26 2757.89 2738.46 2718.91 2704.76 2688.86 2671.27 2650.83 2633.78 2634.03 2625.51 2610.30 2602.22 2596.51 2591.17 2586.23 2586.33 2586.13 2589.16 2590.57 2591.56 2593.33 2595.16 2597.15 2599.11 2601.33 2603.53 2606.32 2609.09 2611.86 2613.76 2615.68 2617.80 2619.57 2621.50 2623.79 2627.12 2629.39 2632.09 2635.20 2643.16 2640.91 2647.14 2652.67 2659.14 2662.45 2669.40 2669.76 2672.52 2675.78 2674.10 2683.98 2682.68 2687.17 2690.16 2690.46
2904.20 2893.00 2882.40 2871.80 2860.30 2845.20 2829.50 2814.90 2800.00 2789.80 2802.88 2779.42 2757.06 2733.42 2707.81 2693.43 2677.95 2662.65 2645.55 2628.99 2625.02 2615.16 2602.55 2597.22 2592.53 2587.14 2584.73 2585.39 2586.30 2588.14 2589.38 2590.67 2592.41 2594.36 2595.77 2598.37 2600.29 2602.55 2604.79 2608.09 2610.16 2612.22 2614.14 2616.14 2618.10 2621.11 2623.17 2624.73 2626.77 2629.63 2634.31 2640.12 2646.70 2651.06 2652.28 2657.66 2658.47 2664.93 2666.36 2670.13 2672.95 2671.19 2676.50 2678.25 2678.77 2683.88 2686.00
2895.90 2883.50 2874.00 2864.40 2855.20 2841.80 2827.00 2812.00 2799.10 2785.10 2786.76 2770.88 2753.97 2729.28 2695.24 2681.40 2666.73 2653.26 2636.15 2620.06 2618.11 2605.97 2598.91 2591.98 2588.99 2584.43 2582.47 2583.39 2585.88 2587.25 2588.56 2589.93 2591.82 2593.36 2594.72 2597.36 2599.34 2601.41 2603.58 2606.11 2608.13 2610.08 2612.16 2614.28 2616.45 2618.56 2621.46 2622.33 2624.65 2628.58 2632.00 2636.12 2643.92 2646.75 2647.71 2650.81 2651.94 2659.49 2663.70 2665.13 2664.23 2667.18 2670.27 2669.84 2670.96 2677.04 2681.34
2888.30 2875.90 2866.40 2857.20 2848.80 2836.50 2818.40 2799.40 2785.10 2772.70 2770.01 2752.71 2736.55 2717.88 2699.58 2674.33 2656.84 2640.01 2624.88 2616.63 2612.80 2600.53 2596.11 2589.01 2586.50 2582.99 2582.87 2583.94 2585.11 2586.66 2587.99 2589.18 2590.89 2592.14 2593.98 2596.36 2598.41 2600.31 2602.50 2604.88 2607.15 2608.31 2610.36 2612.58 2614.98 2616.97 2618.53 2619.43 2623.20 2626.53 2631.85 2636.39 2639.32 2642.63 2645.82 2650.53 2654.74 2655.90 2657.28 2657.55 2659.11 2661.62 2664.41 2664.67 2665.81 2668.91 2674.70
2882.10 2870.40 2861.00 2848.70 2841.60 2824.40 2808.70 2791.40 2776.70 2769.35 2757.08 2742.05 2723.41 2712.28 2694.15 2671.37 2653.57 2631.41 2619.16 2610.91 2607.30 2599.47 2592.77 2587.78 2583.99 2582.96 2582.33 2582.94 2584.58 2585.91 2587.25 2588.37 2589.89 2591.31 2593.42 2595.37 2597.26 2598.84 2601.20 2603.25 2605.28 2606.72 2608.67 2610.63 2613.32 2614.97 2616.76 2618.00 2621.23 2624.65 2628.76 2630.84 2637.49 2639.25 2643.45 2647.88 2651.18 2653.27 2653.24 2653.87 2655.10 2652.63 2658.23 2660.30 2660.20 2662.38 2665.76
2876.90 2865.70 2853.80 2840.70 2827.30 2812.40 2797.20 2782.20 2769.70 2761.39 2744.04 2727.25 2715.88 2704.64 2687.95 2670.23 2651.62 2628.71 2614.41 2609.08 2602.28 2595.98 2588.89 2586.30 2581.40 2581.01 2582.44 2583.57 2584.20 2585.35 2586.55 2587.77 2589.20 2590.70 2592.30 2594.37 2596.07 2597.66 2599.89 2601.88 2603.90 2605.48 2607.05 2609.01 2610.93 2612.43 2613.36 2616.39 2619.72 2622.49 2626.20 2631.42 2635.45 2636.58 2640.64 2643.81 2647.58 2648.74 2648.61 2649.06 2648.98 2648.15 2651.89 2654.37 2652.83 2656.39 2655.17
2872.40 2861.30 2846.80 2832.40 2817.50 2803.00 2787.60 2774.20 2762.30 2754.66 2736.70 2728.44 2714.38 2697.24 2683.23 2666.73 2650.77 2631.20 2615.16 2606.55 2597.83 2592.78 2586.70 2583.67 2580.39 2580.83 2581.59 2583.14 2583.63 2584.70 2585.89 2587.13 2588.49 2589.94 2591.61 2593.37 2595.14 2596.53 2598.73 2600.71 2602.57 2604.14 2605.73 2607.38 2609.24 2610.64 2611.49 2615.06 2618.98 2621.28 2625.94 2629.73 2633.46 2635.04 2637.06 2639.25 2641.41 2643.77 2643.92 2644.37 2645.24 2643.92 2646.90 2648.56 2646.04 2648.71 2648.37
2870.00 2856.30 2841.60 2825.70 2811.80 2800.00 2786.10 2774.30 2763.60 2750.44 2743.65 2740.34 2721.26 2706.09 2687.54 2667.76 2651.67 2632.44 2615.82 2607.94 2597.48 2590.33 2585.81 2581.15 2579.70 2579.58 2581.05 2582.20 2583.08 2584.23 2585.36 2586.43 2587.69 2589.08 2590.77 2592.35 2593.99 2595.64 2597.55 2599.41 2601.19 2602.65 2604.18 2606.36 2607.82 2609.34 2611.32 2614.12 2617.38 2620.61 2624.75 2627.85 2630.40 2632.71 2634.58 2636.13 2638.60 2639.85 2640.86 2639.98 2640.71 2640.27 2641.50 2643.01 2640.17 2641.88 2641.29
2867.40 2854.20 2839.00 2824.50 2811.80 2800.30 2789.80 2779.30 2770.50 2764.06 2751.55 2747.83 2735.27 2713.30 2691.04 2669.51 2651.78 2631.47 2615.05 2604.89 2595.13 2587.24 2584.51 2579.88 2579.38 2579.84 2580.42 2581.56 2582.43 2583.60 2584.79 2585.92 2587.31 2588.48 2589.98 2591.56 2593.09 2594.83 2596.71 2598.60 2600.32 2601.35 2603.08 2604.87 2606.54 2607.62 2610.27 2612.95 2616.32 2619.49 2622.59 2625.49 2628.37 2630.77 2632.06 2633.69 2634.90 2635.52 2635.40 2635.79 2636.50 2635.80 2634.76 2637.52 2634.95 2634.26 2635.05
2864.90 2851.80 2838.30 2824.50 2812.00 2801.80 2789.10 2778.00 2768.80 2748.22 2746.27 2743.43 2735.55 2716.70 2692.55 2669.54 2649.08 2629.11 2612.71 2601.72 2593.09 2585.74 2581.88 2578.97 2577.49 2579.88 2580.50 2581.28 2581.91 2583.15 2584.20 2585.37 2586.67 2587.88 2589.09 2590.69 2592.26 2594.29 2595.88 2597.37 2599.21 2600.30 2601.73 2603.38 2603.86 2606.13 2608.52 2611.83 2615.07 2618.30 2621.55 2624.48 2627.05 2629.15 2630.51 2630.87 2631.32 2632.02 2632.02 2631.15 2631.47 2632.92 2631.31 2630.13 2629.00 2628.06 2627.70
2863.20 2849.70 2835.50 2822.60 2809.80 2797.50 2784.50 2773.10 2763.40 2761.28 2749.84 2741.57 2730.56 2713.30 2694.27 2668.45 2647.69 2625.60 2609.69 2601.64 2591.55 2584.52 2579.64 2578.41 2578.24 2579.13 2579.91 2580.60 2581.53 2582.51 2583.50 2584.59 2585.85 2586.96 2588.17 2589.72 2591.36 2593.43 2594.87 2596.30 2597.79 2599.01 2600.26 2601.84 2603.42 2604.34 2606.98 2610.54 2613.91 2617.26 2620.23 2622.72 2625.18 2626.64 2628.19 2628.04 2628.56 2629.39 2628.87 2626.98 2626.69 2627.29 2625.87 2624.63 2623.80 2623.44 2620.90
2860.80 2846.50 2832.10 2816.90 2803.10 2791.40 2778.80 2769.30 2759.40 2759.70 2748.29 2734.72 2723.50 2707.10 2686.62 2665.46 2644.28 2624.98 2608.80 2598.84 2589.43 2582.63 2578.75 2577.60 2577.97 2578.65 2579.34 2580.09 2580.99 2581.92 2583.05 2584.17 2585.71 2586.14 2587.40 2589.03 2590.69 2592.76 2593.99 2595.31 2596.54 2597.69 2598.66 2600.26 2601.81 2603.32 2605.62 2609.69 2612.92 2616.10 2618.95 2621.00 2623.15 2624.69 2625.95 2625.61 2626.44 2626.77 2626.19 2625.26 2624.34 2623.51 2623.18 2621.50 2619.84 2619.08 2619.09
2854.90 2839.80 2824.80 2809.10 2795.30 2784.80 2774.70 2765.20 2753.45 2749.62 2741.18 2732.97 2717.82 2700.77 2682.21 2662.65 2641.50 2621.71 2606.34 2596.70 2586.76 2582.37 2577.78 2577.18 2577.06 2578.16 2578.85 2579.68 2580.55 2581.41 2582.54 2583.75 2585.10 2585.75 2586.97 2588.47 2590.26 2591.89 2593.30 2594.24 2595.35 2596.55 2597.09 2598.76 2600.46 2602.42 2606.06 2608.66 2611.81 2614.85 2617.13 2619.32 2621.22 2622.65 2623.97 2624.07 2624.53 2625.35 2624.36 2623.01 2621.90 2620.38 2620.72 2619.40 2617.49 2614.89 2614.95
2848.70 2834.60 2818.70 2803.20 2791.50 2780.80 2771.50 2762.80 2748.07 2744.84 2738.18 2722.29 2707.59 2692.36 2675.97 2658.92 2636.85 2616.32 2604.72 2596.14 2584.78 2581.03 2576.67 2576.43 2576.73 2577.58 2578.18 2579.10 2580.25 2581.12 2582.00 2583.06 2583.87 2584.99 2586.59 2588.11 2589.72 2590.96 2592.11 2593.11 2594.16 2595.20 2595.11 2597.46 2599.41 2601.75 2605.17 2607.71 2610.87 2613.64 2615.62 2617.45 2619.02 2620.55 2621.65 2621.81 2621.87 2622.79 2623.22 2620.79 2618.67 2618.86 2618.55 2618.01 2616.16 2613.62 2612.73
2844.20 2831.80 2817.50 2799.80 2790.00 2779.40 2770.70 2761.30 2750.32 2745.57 2731.17 2719.76 2701.29 2685.54 2666.02 2648.16 2631.22 2611.30 2599.28 2590.90 2582.97 2579.04 2575.92 2575.58 2575.40 2576.93 2577.76 2579.03 2580.12 2580.80 2581.67 2582.54 2583.64 2584.57 2586.21 2587.60 2589.23 2590.41 2591.05 2591.89 2592.92 2593.79 2594.15 2596.00 2599.00 2601.07 2603.75 2606.53 2609.25 2611.63 2613.81 2615.36 2616.94 2619.18 2620.39 2620.34 2620.68 2621.06 2621.10 2620.48 2617.36 2617.11 2617.56 2616.92 2616.35 2614.19 2613.99
2841.10 2828.20 2815.70 2800.00 2790.50 2777.10 2766.60 2755.90 2745.65 2733.83 2721.50 2704.03 2686.02 2675.34 2657.96 2637.44 2621.17 2604.59 2595.94 2588.82 2580.45 2577.10 2574.92 2574.64 2575.71 2576.62 2577.38 2578.35 2579.39 2580.32 2581.03 2581.86 2583.12 2584.43 2585.71 2587.19 2588.43 2589.20 2589.82 2590.81 2591.84 2592.97 2594.22 2595.92 2598.02 2600.46 2602.84 2605.46 2607.83 2609.84 2612.52 2615.22 2616.58 2618.21 2618.81 2619.22 2619.51 2619.78 2619.67 2619.13 2617.92 2614.14 2614.90 2616.02 2614.77 2611.60 2613.09
2839.80 2827.40 2815.00 2803.00 2788.10 2774.80 2763.40 2747.90 2732.53 2722.85 2706.57 2690.90 2675.97 2665.12 2652.80 2634.10 2615.91 2599.49 2591.39 2585.38 2579.05 2575.13 2574.12 2574.53 2575.20 2575.94 2576.68 2577.72 2578.74 2579.52 2580.36 2581.12 2582.33 2583.76 2584.57 2586.05 2587.21 2588.34 2588.97 2589.88 2590.80 2592.02 2593.40 2595.25 2597.21 2599.86 2602.36 2604.54 2606.50 2608.09 2610.62 2613.47 2615.57 2615.37 2616.39 2618.38 2619.26 2618.55 2618.34 2617.50 2616.63 2613.68 2615.36 2614.64 2610.20 2610.97 2610.20
2838.50 2825.20 2813.20 2800.00 2787.30 2774.20 2763.10 2746.70 2717.46 2706.81 2693.87 2676.82 2667.11 2657.52 2645.11 2628.17 2609.93 2595.46 2587.67 2581.40 2576.64 2574.17 2573.48 2573.73 2574.73 2575.36 2576.35 2576.97 2577.88 2578.80 2579.19 2580.17 2581.66 2582.96 2583.99 2585.15 2586.13 2586.95 2587.88 2588.71 2589.52 2590.88 2592.18 2594.15 2595.95 2597.93 2600.63 2602.43 2603.12 2606.30 2608.79 2610.42 2612.97 2612.98 2615.47 2616.76 2616.98 2617.35 2617.41 2616.28 2616.41 2614.62 2613.61 2613.14 2611.72 2610.92 2607.58
2836.80 2821.20 2810.20 2799.20 2784.40 2772.50 2761.30 2722.89 2718.59 2707.76 2686.63 2670.15 2661.38 2651.27 2634.26 2616.81 2602.14 2591.56 2583.04 2578.71 2575.59 2573.10 2572.50 2573.00 2573.74 2574.76 2575.74 2576.18 2576.52 2577.51 2578.38 2579.20 2580.68 2581.95 2582.75 2583.96 2584.50 2585.60 2586.50 2587.20 2588.05 2588.93 2590.14 2592.45 2593.45 2596.74 2598.53 2600.20 2601.57 2603.56 2605.78 2607.66 2609.54 2612.07 2613.42 2614.16 2614.78 2614.77 2614.61 2616.02 2614.98 2614.79 2607.91 2609.40 2607.40 2609.99 2604.66
2834.10 2817.70 2805.30 2792.50 2777.70 2766.00 2754.00 2740.50 2744.56 2716.16 2681.52 2664.46 2656.14 2647.12 2634.01 2613.25 2595.71 2587.87 2581.06 2576.13 2573.88 2571.86 2571.39 2571.92 2573.33 2574.04 2574.61 2575.27 2575.75 2576.69 2577.48 2578.22 2579.38 2580.44 2581.35 2581.96 2582.52 2583.66 2584.63 2585.78 2586.59 2586.69 2588.01 2590.68 2591.08 2593.92 2594.78 2595.76 2599.18 2600.50 2603.11 2605.02 2606.52 2608.91 2609.16 2611.01 2611.67 2612.30 2612.68 2613.65 2614.72 2611.94 2603.23 2605.27 2602.99 2608.67 2603.03
2832.60 2815.90 2801.90 2788.60 2775.00 2761.00 2746.10 2733.10 2730.08 2707.61 2674.58 2660.34 2650.30 2640.04 2622.23 2607.60 2594.07 2585.44 2578.79 2575.22 2572.33 2570.61 2570.50 2571.39 2572.31 2572.82 2573.41 2574.17 2574.82 2575.41 2576.01 2576.77 2578.04 2578.74 2579.86 2580.42 2580.23 2581.45 2582.65 2583.71 2584.78 2584.53 2584.92 2587.27 2589.70 2591.20 2591.39 2592.46 2594.17 2596.52 2599.28 2601.10 2603.28 2603.91 2605.38 2606.07 2606.38 2607.39 2609.33 2610.44 2610.89 2602.57 2605.69 2596.38 2599.23 2604.92 2602.78
