Projects/Mauro/IceThickness/surface_dem_rhone_2007.asc
NCOLS       167
NROWS       405
XLLCORNER          671237.50
YLLCORNER          157387.50
CELLSIZE           25.000000
NODATA_VALUE   -9999
[rows 87 to 115 of 405, columns 67 to 133 of 167]
2971.05 2970.58 2970.35 2970.47 2970.08 2969.68 2969.40 2969.90 2970.67 2972.17 2973.67 2974.82 2976.31 2977.98 2979.94 2981.87 2982.63 2986.25 2991.09 2996.48 3004.52 3013.60 3023.86 3034.62 3045.29 3054.12 3062.69 3070.04 3077.17 3084.36 3089.27 3093.71 3096.25 3099.78 3103.87 3107.88 3113.09 3118.21 3124.19 3129.43 3133.99 3138.34 3142.40 3147.14 3153.38 3161.70 3170.61 3179.03 3186.44 3195.08 3202.05 3205.80 3213.81 3221.66 3229.32 3238.12 3247.37 3258.37 3264.18 3268.95 3278.58 3288.01 3289.12 3297.48 3308.16 3318.89 3327.32
2969.26 2969.51 2969.48 2968.82 2968.43 2968.14 2968.10 2968.38 2969.00 2970.27 2971.33 2972.56 2973.55 2974.69 2976.50 2979.07 2981.28 2983.18 2987.19 2991.77 2998.74 3007.72 3018.48 3029.00 3039.40 3048.28 3057.23 3065.22 3072.80 3081.11 3085.92 3090.05 3093.56 3097.83 3101.25 3105.74 3111.43 3117.47 3123.54 3128.13 3132.60 3137.84 3141.95 3146.17 3151.01 3159.65 3167.76 3176.37 3185.12 3192.66 3197.79 3201.48 3208.70 3216.56 3225.63 3234.21 3242.56 3251.17 3258.56 3261.77 3271.89 3281.92 3286.95 3291.14 3302.43 3312.18 3321.34
2968.47 2968.16 2967.91 2967.26 2966.79 2966.38 2966.13 2966.49 2967.65 2968.43 2969.18 2969.88 2970.77 2971.21 2973.34 2975.62 2978.29 2980.64 2981.53 2983.92 2993.30 3001.73 3012.60 3023.10 3032.48 3043.00 3051.86 3061.29 3070.77 3078.90 3082.01 3086.71 3090.74 3095.03 3098.97 3103.35 3109.39 3115.84 3122.22 3127.40 3131.44 3136.00 3139.47 3144.06 3148.89 3156.36 3164.47 3173.00 3182.22 3188.84 3194.51 3199.78 3205.15 3212.33 3220.26 3229.44 3237.04 3245.40 3250.64 3255.96 3262.98 3275.24 3281.05 3286.13 3295.76 3304.69 3314.94
2967.87 2966.99 2966.22 2965.63 2965.05 2964.47 2964.11 2964.22 2965.70 2966.48 2966.99 2967.32 2967.24 2968.33 2969.89 2971.89 2974.83 2977.10 2972.63 2978.93 2987.67 2996.38 3006.68 3016.64 3026.26 3036.61 3043.89 3055.72 3066.42 3074.25 3078.38 3083.68 3088.28 3091.99 3096.03 3100.84 3106.74 3112.92 3119.98 3125.86 3130.52 3134.11 3137.61 3141.81 3146.23 3152.99 3161.10 3168.71 3177.65 3184.90 3191.32 3195.99 3201.12 3207.78 3215.32 3222.60 3230.88 3237.77 3243.98 3248.78 3256.36 3267.89 3275.31 3280.20 3289.13 3297.90 3307.89
2966.68 2965.35 2964.32 2963.96 2963.32 2962.54 2962.40 2962.50 2963.49 2964.31 2964.89 2965.22 2965.50 2966.05 2967.17 2968.69 2970.78 2972.55 2972.78 2977.34 2983.00 2991.03 3000.56 3010.52 3020.27 3029.39 3037.02 3049.50 3060.72 3069.09 3074.70 3082.14 3086.56 3088.55 3093.13 3097.69 3103.57 3109.67 3116.74 3123.78 3129.01 3131.75 3135.80 3139.72 3143.49 3149.30 3157.02 3164.66 3171.85 3179.85 3187.02 3192.38 3196.65 3202.76 3209.74 3215.62 3222.95 3230.56 3236.49 3241.98 3248.49 3258.66 3266.73 3272.99 3281.18 3291.31 3301.16
2964.55 2963.60 2962.95 2962.49 2961.88 2960.89 2960.72 2961.07 2961.33 2962.17 2962.92 2963.16 2963.58 2963.35 2964.06 2965.62 2967.28 2968.78 2970.20 2974.63 2980.11 2987.23 2995.32 3004.64 3015.36 3023.88 3031.52 3043.69 3054.29 3063.99 3071.37 3079.21 3084.61 3085.47 3089.50 3094.00 3099.56 3105.18 3111.07 3118.86 3124.73 3130.62 3134.04 3137.69 3141.31 3146.01 3152.88 3160.35 3167.60 3175.56 3182.24 3187.28 3192.42 3197.89 3202.73 3208.36 3215.26 3221.96 3228.33 3233.91 3240.45 3248.94 3257.59 3263.70 3272.96 3284.56 3294.23
2962.74 2961.27 2961.45 2960.73 2960.00 2959.52 2959.21 2959.25 2959.52 2960.28 2960.94 2961.18 2961.25 2961.47 2961.89 2962.31 2963.93 2965.44 2966.44 2970.39 2975.86 2982.44 2990.78 3000.48 3010.45 3019.64 3028.45 3038.22 3047.49 3057.86 3066.70 3074.39 3079.78 3082.30 3085.85 3089.66 3094.66 3100.78 3107.39 3113.82 3119.97 3125.62 3130.14 3133.14 3137.57 3142.37 3148.75 3155.85 3162.60 3169.13 3176.13 3181.51 3185.68 3190.44 3195.18 3200.63 3206.76 3213.87 3220.35 3224.32 3230.30 3239.06 3244.80 3252.57 3264.47 3276.13 3288.28
2961.54 2960.85 2960.13 2959.01 2958.19 2957.85 2957.52 2957.39 2957.75 2958.51 2959.52 2959.58 2959.22 2959.32 2959.39 2959.74 2960.92 2962.38 2963.85 2966.03 2971.36 2978.14 2987.15 2996.68 3006.32 3015.46 3023.60 3031.47 3041.54 3051.86 3061.16 3069.18 3073.53 3077.34 3081.24 3085.43 3090.04 3096.08 3102.33 3108.62 3115.03 3120.28 3125.04 3128.24 3132.72 3138.34 3144.28 3150.84 3157.06 3162.59 3168.85 3174.11 3178.53 3182.62 3185.97 3190.42 3197.64 3204.91 3211.45 3215.49 3220.30 3226.66 3226.97 3241.56 3254.42 3267.75 3279.69
2960.28 2959.63 2958.52 2957.46 2956.54 2955.98 2955.56 2955.43 2955.64 2956.31 2957.40 2957.47 2956.75 2956.78 2956.55 2957.03 2957.43 2958.31 2956.74 2961.01 2967.28 2973.90 2982.60 2992.24 3001.65 3010.97 3018.81 3026.99 3036.39 3046.28 3055.28 3063.05 3068.61 3071.71 3076.02 3080.70 3084.97 3090.52 3094.82 3101.14 3108.23 3113.94 3118.59 3122.96 3127.04 3132.57 3138.46 3144.33 3150.57 3156.33 3161.61 3166.73 3170.34 3174.20 3174.81 3181.24 3189.01 3195.44 3201.49 3205.51 3209.84 3214.76 3218.23 3231.37 3248.25 3259.95 3279.63
2957.89 2957.33 2956.51 2955.66 2954.88 2954.09 2953.26 2953.15 2953.32 2953.36 2953.95 2954.05 2954.18 2954.21 2953.95 2953.92 2954.06 2954.31 2954.86 2957.40 2963.48 2969.77 2977.96 2987.26 2996.86 3005.82 3013.49 3021.94 3030.74 3040.08 3048.94 3056.32 3062.52 3067.33 3070.27 3075.19 3079.30 3084.34 3089.55 3094.08 3100.65 3106.43 3112.60 3117.31 3120.84 3126.13 3131.89 3137.71 3143.67 3149.27 3153.90 3157.76 3161.78 3165.74 3167.98 3173.09 3179.77 3186.47 3191.29 3195.05 3199.67 3203.84 3210.33 3221.79 3237.95 3258.45 3277.85
2955.73 2955.15 2954.53 2953.80 2953.09 2952.10 2950.64 2950.71 2950.97 2951.01 2950.98 2950.73 2949.99 2950.76 2950.80 2951.12 2951.61 2951.53 2952.46 2955.28 2959.30 2965.26 2972.35 2981.15 2990.41 2999.07 3007.24 3015.25 3024.13 3032.95 3041.46 3050.23 3056.83 3060.67 3063.99 3068.46 3072.50 3077.88 3081.65 3086.93 3093.11 3098.96 3104.95 3110.79 3114.23 3119.17 3124.90 3130.82 3136.58 3141.63 3145.37 3148.59 3152.11 3155.38 3157.28 3163.29 3170.48 3177.03 3181.09 3184.47 3189.10 3193.70 3198.50 3211.00 3231.02 3245.57 3256.31
2954.05 2953.40 2952.65 2951.82 2950.99 2949.73 2948.52 2947.72 2948.27 2948.57 2948.43 2948.13 2947.64 2947.63 2947.47 2948.30 2948.71 2948.70 2949.63 2951.00 2955.13 2960.66 2967.90 2975.87 2984.39 2992.90 3000.76 3008.34 3016.28 3025.00 3033.83 3042.66 3048.64 3054.62 3057.07 3061.40 3065.43 3069.61 3074.67 3079.72 3085.43 3091.32 3096.71 3101.91 3106.67 3111.51 3116.89 3122.94 3128.24 3132.89 3136.53 3139.12 3142.75 3145.78 3149.33 3153.56 3162.46 3168.11 3173.12 3174.55 3179.02 3183.39 3182.73 3199.29 3218.21 3230.85 3241.53
2952.35 2951.57 2950.65 2949.77 2948.93 2947.81 2946.41 2946.54 2945.50 2946.22 2946.03 2945.77 2945.54 2945.00 2945.28 2945.70 2944.93 2945.14 2945.79 2946.34 2950.79 2955.45 2962.96 2970.92 2978.99 2986.07 2994.00 3001.34 3009.16 3017.37 3025.55 3034.53 3041.46 3046.63 3050.80 3054.77 3058.45 3061.98 3066.88 3071.76 3076.79 3083.08 3088.57 3093.68 3098.97 3103.12 3108.33 3114.17 3119.25 3122.79 3126.43 3129.43 3132.99 3136.41 3138.77 3144.13 3149.92 3158.77 3162.74 3165.29 3168.02 3174.27 3170.01 3186.71 3210.75 3223.87 3234.28
2949.60 2949.24 2948.66 2947.68 2946.84 2946.24 2945.65 2946.27 2944.38 2944.44 2943.94 2943.64 2943.43 2943.66 2943.32 2942.79 2942.04 2942.25 2942.52 2944.27 2946.42 2950.81 2957.78 2964.81 2973.10 2979.11 2986.57 2994.09 3001.68 3009.60 3017.50 3026.02 3032.47 3039.05 3043.61 3045.98 3049.16 3054.35 3058.88 3063.15 3067.92 3072.65 3079.76 3085.00 3090.23 3094.63 3099.62 3103.74 3109.30 3113.06 3116.75 3119.63 3123.10 3124.83 3129.03 3132.72 3139.96 3148.69 3152.58 3153.97 3158.08 3163.98 3166.11 3174.48 3196.53 3213.67 3226.73
2947.60 2947.53 2947.29 2945.59 2944.79 2944.61 2944.28 2944.46 2943.58 2942.85 2942.26 2940.88 2940.34 2941.54 2941.23 2940.73 2940.31 2939.94 2939.86 2940.78 2943.23 2946.40 2952.01 2957.69 2964.81 2971.45 2978.32 2985.15 2993.11 3001.97 3009.85 3017.17 3024.44 3030.00 3034.91 3037.63 3042.35 3045.59 3049.62 3054.67 3059.58 3065.05 3069.83 3075.51 3080.16 3085.16 3089.37 3092.78 3097.66 3101.94 3106.51 3109.43 3114.02 3118.75 3120.70 3122.94 3130.42 3137.12 3142.30 3141.13 3146.27 3152.07 3157.61 3163.72 3185.63 3208.00 3218.46
2946.81 2946.39 2945.87 2944.25 2943.44 2943.37 2942.89 2942.56 2942.00 2942.04 2940.93 2940.03 2939.39 2939.57 2939.08 2938.25 2937.70 2937.23 2936.84 2936.78 2938.44 2942.41 2946.35 2950.52 2957.17 2963.68 2970.22 2977.21 2983.39 2990.58 3000.59 3008.28 3015.16 3021.72 3025.22 3028.91 3031.83 3035.67 3040.26 3045.10 3049.19 3054.95 3060.06 3063.91 3069.56 3074.01 3077.61 3081.97 3087.03 3090.36 3092.29 3097.54 3102.82 3108.09 3112.52 3114.59 3120.48 3127.41 3131.42 3129.84 3135.15 3140.49 3147.07 3159.13 3182.36 3195.99 3209.67
2944.97 2944.11 2943.82 2943.55 2942.82 2942.35 2941.49 2941.07 2940.52 2940.24 2939.52 2938.68 2937.35 2937.66 2936.74 2935.93 2935.18 2934.20 2934.03 2933.88 2935.64 2937.76 2940.86 2945.17 2949.17 2955.45 2962.58 2969.91 2976.51 2982.42 2990.97 2998.29 3006.07 3012.41 3015.18 3018.38 3021.71 3025.64 3029.46 3034.50 3038.54 3043.40 3047.45 3053.12 3056.35 3060.10 3064.77 3068.46 3074.01 3078.99 3080.94 3085.52 3092.03 3096.89 3101.57 3105.33 3111.70 3116.62 3115.39 3119.48 3126.33 3133.91 3141.33 3156.83 3176.42 3188.95 3202.65
2943.28 2942.62 2942.23 2941.97 2942.05 2941.61 2940.52 2939.71 2938.85 2937.70 2937.35 2936.32 2935.32 2935.16 2934.42 2933.65 2932.54 2931.66 2931.26 2930.80 2932.15 2932.91 2934.89 2936.94 2941.90 2947.31 2954.27 2962.07 2968.28 2974.45 2981.18 2988.53 2995.25 3002.08 3006.09 3008.06 3010.62 3014.77 3018.31 3022.32 3027.28 3031.43 3036.77 3041.15 3044.07 3045.26 3049.53 3054.92 3060.14 3065.56 3066.42 3073.55 3081.67 3087.51 3091.97 3094.00 3098.59 3103.43 3106.08 3110.74 3117.57 3126.07 3136.59 3152.07 3168.83 3182.40 3195.68
2941.41 2941.51 2941.15 2940.69 2940.90 2940.43 2939.25 2938.21 2937.35 2936.40 2935.75 2935.05 2933.94 2933.17 2932.43 2931.56 2930.72 2929.40 2928.47 2928.81 2929.25 2928.82 2929.67 2931.97 2936.11 2939.51 2946.07 2952.56 2958.12 2964.95 2972.08 2978.99 2984.90 2990.78 2995.14 2997.41 3000.88 3003.75 3007.08 3011.02 3015.07 3018.77 3020.84 3026.50 3030.59 3033.91 3036.65 3041.76 3046.59 3051.96 3053.27 3059.95 3069.85 3078.04 3085.18 3085.69 3090.32 3095.23 3099.67 3103.59 3109.64 3117.85 3131.58 3150.35 3165.22 3177.62 3190.14
2939.63 2939.78 2940.81 2940.77 2939.69 2939.06 2937.79 2936.77 2935.78 2934.67 2933.79 2933.34 2932.19 2931.34 2930.60 2929.73 2928.95 2928.24 2927.02 2926.04 2926.98 2927.15 2925.11 2926.68 2929.06 2932.12 2936.20 2941.48 2947.27 2953.29 2960.18 2966.84 2971.33 2978.78 2982.82 2986.16 2988.93 2992.56 2995.40 2998.66 3003.38 3006.63 3009.93 3013.57 3017.95 3021.28 3024.17 3029.07 3034.62 3040.39 3041.40 3047.52 3056.99 3067.57 3074.65 3077.95 3082.35 3088.30 3091.76 3096.44 3103.05 3114.57 3131.03 3147.84 3161.58 3172.08 3183.83
2937.75 2938.04 2938.19 2938.92 2938.35 2937.58 2936.39 2935.37 2934.29 2933.24 2932.67 2931.44 2930.30 2929.34 2928.49 2927.59 2927.08 2926.35 2924.44 2922.85 2924.46 2924.47 2920.40 2921.53 2922.34 2924.44 2927.83 2930.01 2934.74 2940.89 2947.47 2954.22 2960.81 2966.04 2970.24 2972.72 2975.81 2978.44 2982.40 2986.21 2990.36 2992.84 2994.95 2998.54 3004.06 3007.15 3010.74 3016.09 3023.84 3027.88 3031.08 3036.27 3047.49 3059.62 3066.03 3070.64 3075.33 3081.50 3083.67 3088.83 3097.17 3111.22 3129.22 3145.26 3156.87 3167.09 3178.51
2935.82 2936.07 2936.15 2936.09 2935.86 2935.82 2935.14 2934.12 2932.80 2932.00 2931.04 2929.57 2928.21 2927.26 2926.55 2925.65 2924.51 2922.74 2920.42 2918.62 2917.75 2917.58 2915.99 2916.68 2917.19 2918.59 2918.06 2918.12 2922.74 2927.43 2932.95 2939.77 2947.14 2953.30 2955.77 2958.03 2960.99 2963.68 2967.17 2972.35 2976.07 2978.98 2981.05 2983.64 2989.76 2994.36 2997.30 3003.88 3010.23 3013.41 3018.11 3026.61 3038.93 3052.05 3058.98 3063.37 3069.26 3070.95 3075.33 3082.29 3092.65 3106.99 3125.29 3140.17 3154.38 3163.09 3172.99
2933.45 2933.11 2933.28 2933.49 2933.73 2934.00 2933.77 2932.76 2931.41 2930.02 2928.62 2927.57 2926.59 2925.56 2924.59 2923.48 2921.53 2919.28 2916.95 2914.87 2913.99 2912.92 2911.40 2911.44 2911.16 2911.92 2911.18 2909.87 2910.42 2915.37 2920.57 2926.09 2933.00 2938.19 2940.60 2942.15 2944.09 2945.40 2951.05 2958.48 2962.44 2965.42 2964.98 2968.98 2976.32 2980.35 2983.51 2990.01 2995.54 2998.96 3006.27 3019.04 3033.02 3044.01 3051.22 3056.33 3062.47 3061.81 3066.51 3076.80 3089.94 3104.84 3120.06 3134.85 3147.41 3158.13 3167.72
2931.62 2931.12 2931.15 2931.30 2931.60 2931.75 2931.67 2930.83 2929.63 2928.37 2926.88 2926.29 2924.84 2923.59 2922.51 2921.22 2919.31 2917.23 2914.87 2912.40 2910.97 2909.77 2908.13 2905.93 2905.99 2906.23 2904.42 2902.41 2900.38 2902.03 2907.04 2912.40 2916.99 2921.91 2923.08 2923.86 2925.42 2931.53 2937.57 2944.07 2949.01 2950.99 2953.40 2958.04 2963.64 2966.31 2968.98 2973.43 2977.90 2984.19 2995.99 3011.43 3026.20 3036.86 3042.93 3048.37 3053.27 3055.49 3060.50 3072.13 3086.58 3101.85 3116.55 3128.94 3142.04 3151.32 3161.24
2930.20 2929.78 2929.54 2929.70 2929.69 2929.65 2929.43 2928.89 2927.92 2927.05 2926.37 2924.85 2922.99 2921.52 2920.37 2919.29 2917.25 2915.18 2912.85 2910.41 2908.46 2906.63 2904.89 2902.90 2901.38 2900.23 2897.79 2894.81 2891.98 2892.04 2894.51 2897.82 2901.20 2902.43 2903.71 2906.23 2909.48 2916.56 2926.96 2932.74 2937.79 2939.60 2942.20 2945.88 2951.10 2953.90 2954.00 2953.75 2959.88 2969.83 2985.83 3002.70 3019.39 3029.53 3035.99 3039.92 3045.70 3050.15 3055.39 3067.27 3082.94 3099.46 3112.59 3125.10 3135.33 3145.13 3154.67
2928.89 2928.28 2928.06 2928.13 2927.93 2927.74 2927.53 2927.09 2926.15 2925.15 2924.20 2922.74 2921.14 2919.67 2918.34 2917.38 2915.45 2913.37 2911.04 2908.63 2905.99 2903.12 2901.38 2898.89 2897.27 2895.66 2893.06 2889.84 2883.99 2881.98 2884.71 2884.55 2883.84 2885.57 2886.86 2888.62 2893.81 2902.10 2914.75 2922.67 2926.29 2928.55 2930.89 2934.82 2940.20 2942.34 2940.88 2938.46 2943.54 2956.29 2973.45 2994.32 3011.72 3021.91 3029.72 3033.07 3037.16 3042.06 3049.89 3064.93 3081.15 3096.95 3109.31 3120.30 3130.70 3139.51 3148.18
2926.89 2926.53 2926.41 2926.49 2926.15 2925.88 2925.72 2925.04 2924.36 2923.22 2922.09 2920.86 2919.45 2917.86 2916.87 2915.86 2913.87 2911.61 2909.29 2906.90 2904.35 2901.66 2899.34 2896.68 2894.53 2892.34 2889.35 2886.10 2882.92 2879.64 2879.16 2877.22 2875.86 2875.85 2875.03 2876.75 2881.07 2889.16 2900.93 2911.56 2915.67 2917.82 2920.06 2925.06 2929.54 2931.38 2929.68 2927.96 2932.59 2945.91 2963.94 2983.17 3002.08 3013.25 3020.10 3025.99 3031.72 3037.80 3047.48 3063.57 3080.14 3093.13 3105.53 3115.46 3126.23 3135.23 3142.76
2924.47 2924.13 2924.17 2924.14 2923.96 2923.56 2923.27 2922.99 2922.34 2921.29 2920.21 2919.04 2917.82 2916.77 2915.38 2913.96 2912.03 2910.03 2907.75 2905.42 2902.97 2900.35 2897.71 2895.00 2892.35 2889.68 2886.81 2883.87 2881.20 2878.59 2874.04 2872.37 2870.43 2869.55 2868.89 2869.82 2874.71 2881.40 2891.28 2899.28 2904.51 2906.73 2910.44 2915.04 2920.07 2922.67 2920.49 2922.03 2926.60 2938.89 2956.90 2976.21 2990.95 3004.35 3011.66 3018.81 3026.35 3035.00 3045.62 3062.61 3079.69 3092.01 3101.63 3111.57 3121.63 3131.05 3138.24
2921.88 2921.51 2921.10 2921.01 2921.09 2920.98 2920.78 2920.69 2920.17 2919.38 2918.41 2917.29 2915.95 2914.63 2913.62 2912.02 2910.41 2908.83 2906.26 2903.95 2901.68 2898.98 2896.11 2893.22 2890.18 2887.11 2884.29 2881.46 2879.39 2876.45 2872.14 2869.63 2868.10 2866.80 2865.77 2867.32 2870.69 2876.84 2882.94 2889.50 2893.03 2896.45 2901.55 2907.15 2912.32 2914.39 2916.52 2916.74 2921.64 2932.75 2948.95 2968.76 2984.21 2994.70 3003.50 3011.80 3021.65 3032.33 3043.84 3063.18 3079.55 3090.56 3098.08 3106.29 3117.38 3125.78 3132.76
