Projects/Mauro/IceThickness/surface_dem_rhone_2007.asc
NCOLS       167
NROWS       405
XLLCORNER          671237.50
YLLCORNER          157387.50
CELLSIZE           25.000000
NODATA_VALUE   -9999
[rows 145 to 173 of 405, columns 0 to 66 of 167]
3077.80 3093.60 3048.32 3018.21 2968.27 2945.32 2928.32 2931.80 2938.12 2942.25 2933.43 2926.38 2921.75 2917.53 2913.22 2909.78 2905.87 2901.18 2907.48 2910.52 2904.97 2904.98 2903.89 2899.27 2895.38 2893.10 2892.42 2892.33 2892.27 2893.94 2895.74 2897.79 2901.73 2905.87 2909.82 2915.33 2923.09 2939.03 2956.12 2967.61 2980.07 2985.74 2987.53 2987.40 2992.23 2994.99 2997.65 3006.46 3014.72 3063.15 3092.92 3122.63 3164.38 3167.05 3131.33 3119.82 3100.27 3058.38 3029.53 3018.75 3006.14 2996.42 2985.81 2974.83 2963.88 2950.83 2936.18
3023.00 3031.80 2993.85 2979.89 2961.02 2946.59 2938.28 2930.23 2927.30 2937.77 2938.49 2925.81 2920.02 2915.61 2910.37 2906.00 2901.16 2898.20 2905.72 2910.26 2906.76 2901.29 2898.53 2894.63 2890.92 2888.85 2888.31 2888.12 2887.89 2888.90 2890.34 2893.23 2896.31 2898.08 2902.53 2907.75 2916.10 2929.66 2950.36 2960.87 2968.30 2973.44 2979.55 2983.97 2981.71 2982.45 2986.58 2996.73 2998.91 3025.94 3095.98 3110.86 3157.02 3165.63 3130.04 3116.05 3080.03 3046.07 3030.80 3021.26 3010.16 2998.97 2988.68 2977.68 2965.83 2953.67 2940.58
3033.30 3037.80 2982.20 2975.52 2959.78 2946.10 2938.91 2929.61 2922.78 2929.15 2935.68 2924.82 2918.88 2913.13 2908.41 2901.75 2895.75 2890.46 2899.69 2901.28 2907.50 2901.16 2894.47 2890.61 2886.70 2885.26 2884.19 2885.90 2883.64 2882.29 2883.40 2888.43 2892.61 2891.20 2895.90 2900.67 2910.08 2919.86 2938.80 2953.99 2956.43 2961.92 2971.70 2972.39 2972.10 2969.96 2974.27 2983.67 2994.02 3009.97 3076.73 3106.27 3135.58 3148.57 3125.75 3106.04 3058.69 3038.51 3027.78 3021.28 3011.66 3001.86 2990.73 2979.38 2968.18 2955.13 2942.33
3066.00 3078.50 2991.77 2984.52 2958.06 2939.81 2935.59 2931.32 2926.22 2921.95 2932.97 2924.01 2915.81 2909.50 2903.83 2897.20 2890.21 2884.54 2880.25 2884.17 2901.83 2898.52 2892.06 2890.57 2886.23 2883.77 2881.39 2882.82 2879.58 2880.02 2879.17 2881.30 2884.10 2885.93 2887.71 2893.28 2901.05 2908.77 2926.60 2940.64 2945.61 2954.12 2957.55 2957.99 2957.28 2956.87 2961.63 2970.35 2980.34 2991.94 3063.78 3098.55 3125.22 3149.95 3132.40 3099.83 3061.36 3040.41 3029.42 3020.49 3012.37 3002.79 2992.07 2981.99 2970.23 2956.70 2943.94
3096.00 3102.60 3060.70 3024.57 2990.74 2945.85 2938.45 2931.74 2925.84 2919.65 2927.20 2922.97 2913.81 2906.17 2899.06 2890.76 2883.14 2872.58 2871.29 2873.17 2894.28 2896.29 2893.45 2890.88 2888.30 2881.89 2881.34 2876.50 2874.81 2874.01 2874.30 2874.84 2876.51 2879.84 2882.48 2886.30 2891.30 2898.87 2908.94 2923.81 2936.86 2941.61 2942.99 2943.35 2944.37 2946.52 2950.69 2959.29 2964.99 2976.62 3062.44 3094.21 3107.17 3134.43 3134.39 3102.17 3061.62 3036.69 3026.97 3018.70 3012.00 3003.84 2992.94 2982.65 2971.43 2957.45 2943.40
3102.40 3095.10 3074.10 3039.49 3021.51 2962.20 2938.53 2927.70 2919.66 2915.74 2917.36 2921.98 2910.95 2902.51 2893.42 2885.07 2875.90 2868.22 2862.14 2860.93 2876.19 2895.68 2892.74 2889.65 2885.40 2880.52 2878.82 2872.29 2870.20 2869.46 2870.05 2870.89 2872.24 2874.16 2877.67 2879.16 2882.73 2888.24 2897.55 2913.46 2921.72 2922.74 2923.71 2928.43 2930.64 2937.49 2939.65 2947.06 2953.87 2969.25 3066.05 3079.10 3102.25 3130.97 3129.98 3093.85 3052.72 3035.94 3025.73 3017.03 3010.00 3002.93 2994.04 2983.76 2972.34 2958.87 2944.14
3117.10 3110.90 3098.50 3052.70 3041.98 2958.85 2935.77 2928.78 2920.19 2911.89 2908.95 2918.90 2907.25 2896.39 2887.78 2879.00 2870.67 2862.96 2856.55 2851.75 2864.51 2889.86 2890.86 2883.62 2879.88 2876.90 2873.06 2868.84 2867.48 2865.51 2866.03 2866.92 2867.46 2869.86 2872.92 2872.85 2876.04 2880.32 2888.15 2895.44 2899.22 2907.07 2906.15 2910.86 2920.58 2923.17 2928.16 2936.40 2942.91 2962.42 3022.50 3043.50 3088.12 3107.51 3118.96 3089.00 3049.18 3033.73 3023.32 3014.69 3008.06 3000.97 2993.12 2983.93 2972.55 2959.34 2945.00
3123.70 3104.30 3077.90 3043.20 3008.70 2966.26 2941.54 2927.54 2917.46 2909.75 2904.50 2912.06 2904.70 2892.86 2882.51 2873.57 2865.80 2858.12 2852.64 2846.32 2853.37 2874.14 2882.64 2882.98 2879.54 2875.40 2870.69 2869.62 2868.85 2863.43 2863.20 2863.88 2865.12 2868.46 2869.13 2866.18 2868.58 2871.73 2876.95 2880.98 2883.10 2889.41 2893.24 2899.86 2909.08 2910.65 2919.69 2927.74 2941.08 2952.35 3002.15 3046.75 3073.72 3095.18 3109.15 3092.14 3045.99 3027.02 3018.93 3012.05 3005.10 2999.02 2991.72 2983.01 2971.97 2959.96 2945.21
3135.90 3092.60 3077.00 3055.20 3030.50 3057.70 2977.54 2922.92 2901.74 2901.89 2900.18 2903.78 2902.01 2888.81 2877.45 2867.95 2860.04 2853.25 2847.92 2836.78 2841.61 2855.71 2876.24 2881.50 2882.39 2878.93 2874.30 2873.53 2868.06 2862.55 2862.46 2863.82 2866.22 2867.25 2862.78 2859.77 2860.70 2863.48 2868.03 2871.62 2874.95 2878.13 2885.90 2890.25 2894.48 2900.51 2910.63 2920.98 2933.11 2946.87 2994.92 3051.87 3071.04 3083.64 3095.05 3082.54 3036.76 3021.51 3014.46 3007.14 3001.29 2996.00 2989.44 2980.84 2970.92 2959.82 2944.94
3118.10 3130.00 3103.80 3089.60 3072.00 3077.57 3069.12 2946.34 2895.73 2883.96 2888.87 2894.21 2897.33 2883.64 2872.56 2862.95 2853.51 2847.25 2841.49 2833.58 2832.32 2843.01 2856.82 2871.13 2878.59 2882.22 2874.94 2871.83 2867.84 2863.33 2862.04 2863.81 2869.16 2862.67 2855.95 2853.51 2854.75 2857.12 2859.31 2862.29 2865.65 2870.76 2874.24 2880.25 2882.63 2893.14 2907.68 2912.61 2925.26 2950.28 2974.23 3024.63 3052.19 3065.98 3086.22 3051.96 3023.11 3014.46 3007.54 3001.71 2996.48 2991.25 2985.37 2977.61 2968.27 2957.90 2946.10
3089.40 3100.70 3103.40 3114.20 3104.70 3101.00 3069.12 3013.83 2917.90 2880.98 2868.78 2880.49 2890.05 2880.47 2867.43 2856.64 2847.32 2840.74 2835.38 2829.03 2827.18 2832.61 2843.61 2853.53 2865.69 2874.64 2878.49 2879.66 2871.55 2868.30 2865.14 2863.74 2859.21 2852.15 2847.54 2846.21 2847.30 2849.15 2852.76 2855.33 2857.15 2860.72 2866.31 2872.82 2876.36 2883.57 2904.89 2913.87 2919.42 2945.53 2984.96 3004.79 3030.71 3050.39 3055.59 3017.81 3009.99 3005.38 2999.73 2995.08 2990.41 2985.38 2979.30 2973.13 2964.64 2955.03 2944.17
3057.20 3067.10 3072.20 3083.30 3100.90 3097.30 3058.40 3067.09 3013.30 2916.09 2860.89 2861.81 2879.99 2877.44 2861.85 2850.60 2841.31 2833.38 2828.08 2823.83 2821.50 2822.26 2826.11 2842.62 2855.13 2869.30 2878.44 2875.94 2874.56 2873.22 2867.98 2863.30 2858.02 2851.33 2844.66 2841.27 2842.18 2843.08 2845.27 2847.61 2848.98 2852.54 2857.83 2861.98 2865.02 2871.63 2893.49 2900.08 2906.25 2940.08 3007.82 3019.98 3025.87 3037.01 3039.45 3000.13 2996.51 2993.97 2990.87 2987.02 2982.47 2978.40 2973.85 2967.33 2959.85 2952.22 2941.10
3037.00 3040.00 3043.60 3052.10 3070.90 3070.00 3040.60 3068.91 3045.16 2941.50 2862.52 2850.38 2867.90 2870.52 2854.65 2844.12 2834.81 2827.00 2821.43 2818.35 2816.23 2813.60 2813.51 2822.98 2843.99 2861.21 2867.93 2876.94 2879.69 2873.69 2865.88 2862.91 2857.83 2853.02 2842.48 2836.69 2837.10 2838.02 2839.17 2840.63 2842.59 2844.38 2848.94 2853.10 2853.25 2863.50 2878.27 2891.46 2902.47 2919.86 2973.46 3000.80 3014.55 3020.33 3006.91 2989.61 2982.18 2982.38 2980.76 2977.33 2974.34 2970.43 2966.66 2961.91 2954.20 2945.04 2936.41
3019.60 3023.40 3027.30 3031.90 3036.90 3026.10 2997.30 2974.90 3044.77 2955.69 2863.23 2851.26 2853.37 2862.21 2848.86 2836.94 2827.84 2821.04 2816.10 2811.81 2808.26 2804.25 2803.34 2810.84 2823.34 2849.94 2860.30 2874.45 2872.79 2867.56 2867.70 2861.34 2853.69 2845.75 2838.73 2833.39 2834.53 2833.03 2833.08 2834.44 2834.94 2837.33 2840.85 2844.15 2846.97 2851.55 2862.07 2880.72 2892.63 2894.86 2928.24 2972.76 2991.41 2993.59 3008.46 2983.70 2970.55 2970.52 2969.48 2967.79 2965.90 2962.04 2957.90 2952.84 2946.69 2937.97 2930.30
3008.10 3011.20 3014.60 3019.20 3026.90 3029.80 3002.40 2988.40 3048.32 2957.50 2879.64 2847.45 2847.37 2852.45 2843.46 2830.64 2821.00 2814.25 2809.02 2804.51 2800.57 2795.47 2792.81 2798.91 2808.09 2845.08 2855.82 2862.95 2862.04 2862.44 2869.45 2859.70 2850.99 2843.88 2837.88 2833.52 2832.96 2834.01 2833.59 2830.41 2827.79 2830.10 2832.94 2838.05 2840.47 2844.55 2852.49 2868.87 2890.14 2904.71 2916.85 2948.35 2959.84 2988.36 2998.38 2969.07 2959.91 2955.83 2958.30 2957.65 2955.29 2952.36 2949.20 2945.45 2937.86 2930.80 2922.62
2996.40 3000.40 3003.90 3009.60 3017.20 3029.40 3031.80 3025.70 3040.95 2982.74 2892.38 2840.38 2841.48 2846.78 2836.98 2823.62 2814.19 2807.42 2802.41 2798.03 2792.33 2787.16 2785.57 2788.47 2793.57 2806.13 2837.06 2839.98 2840.82 2856.72 2859.35 2854.67 2844.19 2838.43 2836.30 2834.98 2832.12 2831.18 2830.18 2828.12 2822.31 2822.68 2825.19 2830.10 2832.70 2836.07 2844.02 2858.53 2878.32 2892.18 2901.46 2917.91 2939.83 2984.17 2964.96 2959.80 2952.34 2944.61 2946.02 2946.01 2944.70 2943.34 2944.10 2939.63 2930.12 2923.01 2913.60
2982.50 2988.00 2995.50 3003.60 3010.90 3020.80 3032.20 3026.10 3020.70 2971.17 2877.64 2842.18 2830.85 2837.53 2831.09 2816.37 2807.03 2800.79 2795.89 2791.86 2786.03 2781.13 2779.01 2779.99 2782.02 2787.40 2792.31 2804.46 2825.75 2845.90 2852.12 2852.15 2842.13 2837.20 2836.56 2835.38 2828.28 2820.26 2816.67 2821.39 2816.45 2815.65 2817.45 2822.63 2824.16 2827.05 2834.89 2846.19 2862.24 2873.27 2887.17 2902.07 2947.81 2969.59 2948.46 2942.27 2939.55 2935.16 2936.26 2935.39 2934.93 2934.61 2934.57 2931.28 2922.19 2914.10 2903.88
2973.50 2981.30 2989.10 2996.40 3005.20 3019.20 3031.40 3026.00 3015.00 2973.42 2907.95 2844.65 2826.91 2828.95 2823.82 2810.49 2800.98 2795.29 2791.33 2786.54 2781.28 2776.13 2774.00 2773.58 2773.60 2774.86 2777.74 2782.40 2792.93 2825.72 2836.27 2845.92 2841.75 2837.61 2839.04 2831.85 2820.97 2813.30 2810.54 2809.17 2809.63 2809.58 2810.96 2813.81 2816.41 2821.05 2826.58 2834.00 2849.09 2863.44 2875.52 2892.61 2916.61 2942.23 2940.84 2933.41 2931.51 2929.43 2927.62 2928.75 2930.17 2925.99 2923.62 2922.37 2920.01 2907.50 2895.26
2966.40 2974.90 2982.80 2990.40 3001.10 3018.40 3027.80 3025.40 3014.60 2968.53 2895.12 2836.51 2825.70 2824.66 2817.17 2804.77 2796.37 2791.06 2787.37 2782.27 2777.39 2773.00 2770.01 2768.57 2767.11 2765.76 2764.38 2767.65 2771.50 2789.29 2815.26 2842.06 2845.86 2839.97 2832.07 2823.30 2813.40 2811.89 2808.84 2803.88 2803.02 2801.69 2804.19 2806.64 2809.96 2813.44 2817.67 2825.63 2839.67 2851.52 2869.12 2896.10 2913.49 2930.13 2935.86 2930.57 2926.69 2923.31 2927.18 2926.55 2921.27 2917.05 2912.99 2913.12 2911.15 2895.24 2888.20
2960.70 2968.10 2976.80 2987.30 2996.90 3013.30 3024.80 3024.60 3014.30 2969.87 2891.91 2835.07 2825.06 2819.13 2812.32 2800.26 2793.25 2787.16 2784.41 2779.41 2774.51 2770.27 2767.78 2764.07 2762.08 2757.42 2756.25 2756.96 2758.00 2766.62 2797.56 2832.27 2837.02 2836.81 2827.33 2822.33 2810.15 2809.82 2808.16 2805.81 2801.95 2795.91 2798.05 2801.28 2804.00 2809.84 2811.39 2817.65 2828.24 2842.33 2872.82 2888.62 2904.50 2921.08 2926.31 2922.50 2917.89 2919.23 2922.90 2921.82 2914.25 2908.23 2907.18 2900.49 2892.44 2881.92 2879.80
2954.20 2962.40 2972.10 2980.50 2995.30 3012.20 3023.30 3023.20 3014.00 2971.48 2896.44 2839.10 2817.78 2816.38 2808.67 2797.80 2791.38 2786.69 2781.68 2776.52 2771.50 2767.73 2764.96 2761.57 2757.29 2753.78 2751.73 2749.68 2750.09 2753.34 2770.77 2819.01 2827.20 2825.68 2822.14 2812.47 2802.93 2803.09 2804.68 2803.33 2793.97 2794.66 2797.41 2799.42 2798.07 2801.44 2805.81 2812.09 2820.65 2835.62 2862.88 2878.19 2894.89 2911.35 2914.20 2907.32 2912.13 2912.94 2911.73 2906.89 2904.12 2903.08 2902.33 2889.84 2889.50 2880.73 2868.57
2948.70 2960.90 2967.70 2977.40 2993.50 3011.80 3023.50 3021.10 3001.70 2954.03 2898.21 2841.47 2820.31 2815.03 2806.38 2796.87 2790.08 2785.23 2780.01 2774.09 2769.16 2765.46 2761.67 2757.65 2754.73 2750.22 2746.43 2743.98 2743.32 2743.90 2755.97 2803.83 2812.30 2812.72 2808.68 2798.28 2795.11 2798.52 2801.53 2797.62 2794.98 2794.95 2795.13 2796.30 2796.16 2796.99 2800.66 2807.04 2818.27 2827.40 2845.39 2870.98 2887.13 2900.00 2898.32 2896.12 2898.45 2900.06 2901.54 2901.15 2899.25 2895.32 2889.20 2885.66 2885.80 2877.80 2861.29
2948.60 2954.90 2963.70 2977.00 2993.00 3011.40 3021.10 3009.30 2986.00 2929.57 2882.06 2848.65 2824.51 2816.31 2806.61 2796.31 2788.88 2782.52 2776.59 2771.04 2766.18 2761.93 2757.86 2753.50 2750.10 2746.38 2740.44 2737.52 2735.58 2737.61 2743.50 2765.76 2780.78 2792.80 2794.23 2794.31 2790.14 2787.03 2792.91 2796.85 2795.54 2795.81 2792.09 2793.86 2795.36 2795.23 2797.37 2805.38 2817.29 2827.04 2844.02 2861.76 2872.03 2885.08 2888.60 2893.19 2891.47 2892.98 2894.55 2892.77 2891.09 2887.07 2879.51 2874.59 2871.80 2864.57 2852.80
2942.00 2951.30 2962.80 2976.40 2991.60 3009.30 3003.00 2973.60 2946.10 2915.20 2896.54 2850.94 2828.36 2816.05 2807.43 2796.95 2787.71 2780.97 2773.84 2768.15 2763.03 2758.75 2753.02 2748.22 2744.43 2740.47 2735.72 2731.82 2728.21 2729.27 2733.57 2748.10 2755.24 2761.86 2784.24 2788.13 2785.31 2775.34 2776.81 2788.05 2794.56 2793.65 2791.88 2793.53 2794.88 2795.87 2799.71 2809.12 2816.50 2831.43 2841.98 2852.64 2863.49 2877.19 2881.71 2886.41 2885.25 2885.48 2886.08 2881.63 2879.29 2874.33 2873.92 2870.23 2864.77 2853.15 2845.29
2939.00 2950.30 2961.90 2975.40 2988.80 2996.30 2966.50 2942.90 2921.30 2901.20 2874.54 2852.85 2834.75 2820.29 2806.87 2795.72 2785.61 2778.00 2770.23 2764.24 2758.44 2752.65 2747.20 2743.10 2739.08 2734.99 2729.93 2725.09 2722.63 2721.28 2725.10 2726.97 2728.01 2736.14 2756.28 2766.28 2765.45 2756.14 2757.49 2771.54 2779.33 2787.90 2790.97 2795.40 2796.06 2798.63 2804.14 2815.25 2823.29 2832.93 2838.63 2848.26 2856.74 2862.37 2870.17 2869.12 2871.50 2871.52 2872.57 2869.48 2863.66 2865.16 2866.40 2864.33 2857.07 2848.12 2838.07
2936.70 2947.50 2959.50 2972.80 2983.90 2994.20 2985.70 2965.60 2948.50 2920.10 2875.50 2858.57 2843.61 2823.89 2807.65 2794.97 2785.14 2775.11 2766.37 2759.75 2752.94 2745.69 2740.77 2737.17 2733.26 2729.05 2723.88 2717.59 2716.37 2715.36 2719.65 2720.59 2719.02 2721.60 2725.82 2727.38 2729.05 2729.62 2741.28 2755.98 2768.99 2776.78 2790.81 2796.56 2797.29 2797.54 2802.88 2811.18 2819.10 2826.52 2832.65 2836.56 2845.12 2850.91 2854.40 2855.91 2857.90 2859.38 2862.18 2860.87 2855.99 2856.09 2852.43 2854.14 2847.41 2843.57 2835.61
2933.50 2946.20 2958.50 2971.70 2987.40 3007.70 3009.90 3005.50 3000.60 2965.90 2941.00 2860.27 2838.88 2821.55 2806.95 2796.78 2783.56 2771.62 2762.58 2754.71 2747.83 2740.88 2736.34 2731.29 2727.14 2723.19 2718.93 2712.86 2710.14 2708.61 2712.69 2714.62 2715.63 2712.83 2708.83 2713.48 2716.99 2718.78 2732.14 2747.39 2755.40 2769.13 2787.03 2791.99 2790.85 2791.97 2799.65 2805.99 2805.91 2811.98 2823.80 2828.81 2835.36 2839.68 2842.78 2845.15 2847.17 2847.99 2847.48 2851.95 2853.31 2849.00 2843.29 2840.08 2837.99 2833.30 2830.26
2930.90 2944.10 2958.00 2971.60 2987.30 3010.80 3025.60 3020.20 2999.80 2956.30 2925.20 2871.49 2849.80 2825.41 2811.81 2799.62 2786.07 2769.23 2758.15 2749.45 2740.85 2734.98 2729.82 2725.34 2720.86 2717.26 2713.13 2708.28 2704.86 2701.57 2707.52 2709.82 2709.21 2706.23 2702.47 2701.89 2699.95 2699.71 2708.48 2725.82 2744.04 2764.88 2779.37 2787.36 2787.80 2790.50 2797.02 2800.16 2798.98 2806.04 2815.00 2820.63 2824.06 2826.93 2832.13 2834.96 2836.54 2838.46 2839.08 2839.71 2838.21 2837.17 2832.69 2830.44 2831.40 2828.80 2826.53
2927.50 2942.70 2957.60 2971.90 2987.40 3010.20 3038.10 2996.10 2976.70 2929.40 2897.00 2881.30 2867.53 2835.39 2814.47 2800.73 2788.32 2766.42 2752.71 2742.59 2733.71 2728.45 2724.09 2719.37 2715.28 2711.15 2707.84 2703.30 2698.24 2695.36 2699.37 2704.08 2702.55 2699.98 2693.81 2691.11 2687.20 2689.08 2695.99 2717.28 2740.87 2759.38 2772.29 2783.94 2784.53 2786.41 2791.43 2791.48 2795.76 2800.91 2804.97 2808.36 2811.95 2814.58 2822.15 2823.03 2822.79 2824.19 2830.86 2832.18 2829.92 2820.50 2821.91 2819.34 2822.11 2820.52 2816.78
