Projects/Mauro/IceThickness/surface_dem_rhone_2007.asc
NCOLS       167
NROWS       405
XLLCORNER          671237.50
YLLCORNER          157387.50
CELLSIZE           25.000000
NODATA_VALUE   -9999
[rows 290 to 318 of 405, columns 0 to 66 of 167]
2764.50 2757.80 2749.80 2740.80 2730.70 2723.20 2715.40 2705.70 2701.60 2700.60 2696.80 2684.00 2673.40 2667.00 2659.10 2647.80 2637.70 2629.60 2622.20 2613.50 2608.94 2599.21 2587.64 2569.59 2559.80 2555.86 2548.25 2539.68 2533.88 2520.50 2510.40 2500.77 2497.24 2486.48 2472.81 2460.34 2450.95 2432.72 2423.68 2423.25 2425.54 2425.43 2425.13 2423.33 2422.99 2423.60 2421.83 2420.28 2419.60 2417.87 2416.41 2413.96 2411.17 2407.06 2403.79 2399.41 2395.43 2392.01 2388.77 2385.62 2382.13 2379.58 2378.32 2374.92 2371.26 2367.76 2365.20
2753.80 2747.90 2740.70 2736.60 2726.20 2718.30 2711.60 2703.20 2696.00 2691.60 2687.00 2677.70 2666.20 2657.70 2652.50 2645.90 2639.70 2629.80 2620.60 2607.60 2610.95 2593.85 2581.42 2565.54 2559.04 2551.25 2543.45 2535.59 2523.91 2511.88 2499.60 2491.26 2491.43 2485.54 2469.37 2463.46 2453.18 2438.14 2421.08 2418.14 2422.02 2421.74 2418.18 2415.65 2417.57 2417.72 2416.79 2414.57 2414.67 2413.60 2410.73 2409.61 2407.51 2403.06 2400.10 2396.77 2392.96 2389.61 2386.61 2384.29 2381.68 2378.50 2376.34 2373.09 2369.20 2365.98 2362.87
2744.10 2738.50 2732.30 2728.60 2722.70 2714.20 2708.00 2701.80 2695.80 2689.20 2682.40 2673.00 2662.20 2654.50 2649.50 2644.40 2637.60 2627.00 2617.10 2604.10 2595.52 2579.78 2566.51 2559.95 2552.01 2544.17 2532.52 2522.34 2513.85 2501.76 2488.07 2480.36 2478.78 2483.15 2468.69 2463.68 2452.03 2438.97 2423.28 2417.91 2415.96 2409.98 2402.11 2400.16 2405.95 2408.69 2409.49 2407.67 2405.15 2406.76 2406.13 2406.80 2403.93 2400.79 2397.61 2393.61 2390.13 2386.75 2384.27 2381.92 2379.44 2376.69 2374.05 2370.39 2366.92 2363.74 2360.99
2737.30 2732.80 2724.50 2720.60 2717.70 2711.80 2703.60 2697.10 2691.20 2685.90 2680.70 2671.20 2659.70 2652.90 2646.00 2640.90 2629.80 2621.00 2612.70 2601.90 2568.85 2566.04 2565.04 2550.56 2542.01 2531.42 2523.78 2506.59 2497.25 2483.36 2474.36 2461.28 2461.83 2467.59 2461.74 2457.46 2447.10 2428.14 2422.25 2416.41 2407.05 2396.77 2390.53 2388.79 2391.86 2396.23 2401.66 2400.80 2399.25 2400.64 2402.74 2401.91 2398.87 2396.51 2394.23 2390.16 2386.75 2383.64 2381.09 2379.20 2376.91 2374.14 2371.48 2368.26 2365.01 2361.76 2359.19
2733.30 2728.00 2721.10 2715.40 2711.90 2707.90 2702.50 2693.60 2686.10 2680.20 2673.00 2663.50 2655.70 2650.00 2643.70 2633.40 2620.40 2609.10 2600.40 2592.10 2583.67 2563.73 2540.76 2536.53 2520.20 2511.55 2504.65 2495.16 2474.97 2454.06 2438.72 2428.10 2441.68 2453.56 2446.77 2431.49 2429.83 2431.43 2425.30 2417.49 2408.89 2396.00 2381.06 2378.98 2385.38 2386.86 2392.51 2393.32 2395.78 2396.21 2397.91 2396.65 2394.61 2392.03 2389.38 2386.21 2383.00 2380.17 2378.08 2376.25 2374.04 2371.96 2369.36 2366.21 2363.40 2360.38 2357.77
2728.10 2724.00 2719.50 2714.70 2709.10 2704.40 2700.00 2690.80 2681.00 2675.30 2668.50 2659.50 2651.30 2644.40 2638.50 2628.20 2613.60 2600.80 2592.10 2583.60 2587.51 2559.96 2528.50 2508.80 2495.10 2455.92 2443.27 2434.39 2420.11 2411.74 2410.56 2417.17 2432.94 2449.85 2444.21 2429.34 2434.75 2427.60 2425.64 2416.47 2407.24 2392.50 2379.16 2370.54 2374.12 2377.24 2381.50 2384.86 2388.84 2391.70 2391.39 2389.40 2390.68 2387.91 2385.49 2382.05 2379.46 2376.70 2374.71 2373.09 2370.88 2368.75 2366.61 2364.04 2361.30 2358.73 2356.00
2724.10 2718.20 2715.00 2712.40 2708.00 2702.80 2695.80 2686.70 2677.50 2670.10 2664.50 2660.00 2650.80 2640.30 2629.40 2619.70 2606.50 2594.80 2585.10 2574.90 2571.17 2555.74 2526.58 2484.63 2462.92 2442.26 2432.01 2417.83 2412.60 2412.81 2408.24 2415.69 2424.76 2441.17 2443.49 2427.87 2432.14 2422.47 2414.20 2409.01 2397.78 2386.29 2374.99 2364.05 2366.18 2368.71 2374.00 2378.24 2379.77 2380.50 2384.38 2384.46 2384.80 2381.82 2380.71 2378.63 2375.70 2373.07 2371.34 2369.45 2367.62 2365.81 2363.76 2361.48 2358.81 2356.17 2354.17
2719.30 2714.30 2708.80 2706.10 2704.00 2701.50 2695.10 2686.30 2677.10 2667.40 2658.50 2648.80 2639.00 2630.80 2622.80 2611.30 2599.30 2586.70 2579.60 2566.60 2557.20 2542.40 2524.80 2485.81 2455.91 2442.18 2429.01 2417.36 2410.20 2405.01 2403.98 2404.83 2415.44 2432.15 2437.81 2422.25 2422.33 2417.92 2410.42 2401.10 2392.79 2380.93 2368.10 2358.15 2355.28 2360.91 2367.59 2371.57 2371.38 2373.62 2377.67 2380.18 2379.06 2375.66 2376.65 2374.09 2371.63 2369.11 2367.18 2365.89 2364.48 2362.61 2361.28 2359.10 2355.90 2354.06 2352.33
2717.80 2710.80 2704.20 2700.30 2699.80 2698.10 2692.50 2683.90 2674.40 2664.00 2653.90 2643.10 2631.20 2622.30 2610.00 2601.90 2592.20 2578.50 2571.30 2561.80 2553.69 2537.79 2519.26 2482.95 2457.74 2442.85 2430.41 2418.32 2409.48 2400.25 2390.62 2396.96 2406.66 2423.62 2429.06 2415.86 2412.34 2413.00 2407.96 2394.04 2387.46 2377.84 2366.44 2354.66 2352.84 2355.36 2359.82 2364.29 2364.28 2367.28 2373.20 2373.59 2373.08 2371.53 2372.14 2369.67 2367.53 2365.60 2363.53 2362.39 2361.23 2359.51 2357.78 2356.04 2353.69 2352.10 2350.46
2718.10 2710.80 2703.80 2696.20 2693.90 2691.90 2689.40 2682.50 2671.30 2658.50 2649.10 2639.70 2624.30 2611.80 2598.40 2591.50 2583.40 2572.30 2562.30 2553.90 2543.44 2527.29 2504.99 2478.20 2457.07 2438.80 2425.99 2412.06 2397.23 2379.89 2382.84 2390.90 2399.28 2416.69 2421.12 2406.82 2400.50 2399.99 2396.52 2389.13 2379.25 2371.70 2362.63 2355.08 2349.47 2350.87 2354.64 2357.89 2360.43 2363.36 2367.83 2367.81 2366.40 2367.72 2366.88 2365.45 2363.25 2362.00 2360.32 2358.45 2357.50 2356.44 2355.18 2353.62 2351.84 2350.09 2348.87
2717.40 2710.50 2703.60 2695.60 2687.60 2685.80 2682.60 2681.20 2670.40 2658.40 2645.80 2633.30 2618.50 2605.60 2591.50 2580.10 2573.80 2565.10 2553.70 2545.30 2536.50 2516.35 2497.38 2468.96 2450.11 2428.84 2410.51 2399.44 2377.78 2364.39 2380.31 2385.79 2391.74 2409.12 2408.65 2391.28 2393.42 2393.41 2388.16 2384.58 2378.46 2366.16 2355.02 2348.97 2345.67 2347.49 2350.70 2353.71 2355.56 2359.66 2361.65 2361.76 2361.63 2362.14 2361.52 2360.53 2359.13 2357.94 2356.73 2355.24 2354.23 2353.66 2352.73 2351.41 2349.82 2348.35 2347.06
2720.40 2707.20 2701.40 2692.60 2684.90 2679.90 2673.00 2672.00 2664.90 2651.90 2636.40 2625.00 2611.30 2600.00 2586.00 2574.30 2564.50 2550.90 2545.50 2534.23 2524.44 2501.77 2481.80 2456.70 2437.03 2410.58 2395.53 2367.32 2359.35 2362.27 2371.48 2376.72 2385.73 2404.53 2404.28 2384.29 2385.56 2383.03 2379.48 2377.01 2368.93 2354.75 2346.01 2348.75 2348.02 2345.55 2343.20 2348.02 2350.80 2353.86 2355.67 2355.52 2357.39 2357.80 2356.60 2356.10 2355.22 2354.61 2353.86 2352.64 2351.67 2351.04 2350.68 2349.40 2348.16 2346.76 2345.54
2718.80 2706.20 2695.60 2687.80 2680.00 2671.60 2665.10 2661.40 2660.00 2644.20 2629.30 2615.10 2602.60 2590.20 2579.10 2569.90 2560.40 2545.30 2515.10 2514.41 2494.85 2477.75 2458.90 2429.25 2399.99 2380.48 2362.25 2352.25 2353.16 2355.50 2359.30 2368.15 2381.64 2392.00 2383.32 2376.93 2377.36 2369.39 2365.76 2361.72 2349.72 2340.39 2343.55 2352.29 2354.26 2345.42 2339.50 2342.84 2345.62 2348.25 2350.19 2351.67 2352.80 2353.00 2352.67 2352.50 2351.58 2351.30 2350.95 2350.16 2349.37 2348.89 2348.63 2347.76 2346.76 2345.83 2344.25
2715.40 2700.30 2693.50 2684.30 2674.10 2665.50 2657.30 2652.80 2651.80 2636.10 2622.20 2608.70 2595.50 2583.10 2571.00 2560.70 2549.50 2530.60 2512.50 2466.96 2449.98 2432.12 2410.08 2386.57 2364.50 2349.12 2346.46 2344.34 2346.94 2346.24 2352.41 2364.10 2379.79 2376.20 2362.46 2366.66 2364.31 2356.20 2351.44 2339.97 2335.74 2333.92 2344.79 2357.14 2358.40 2348.07 2334.31 2338.24 2340.69 2343.17 2345.37 2347.08 2348.31 2349.18 2349.34 2349.26 2348.77 2348.95 2348.89 2347.69 2347.29 2347.32 2346.86 2346.20 2345.38 2344.43 2343.13
2707.20 2696.60 2689.10 2680.90 2670.70 2660.00 2650.60 2647.00 2642.60 2629.50 2614.80 2601.40 2589.30 2571.90 2552.50 2541.60 2529.50 2511.40 2488.10 2449.80 2431.93 2401.30 2382.49 2366.78 2352.39 2344.83 2341.33 2340.17 2342.47 2343.35 2352.10 2367.08 2374.66 2355.61 2339.33 2330.25 2324.77 2333.45 2331.21 2330.70 2328.64 2330.36 2349.67 2357.55 2353.98 2339.25 2331.59 2333.60 2337.40 2338.64 2341.24 2343.29 2345.13 2346.45 2346.88 2346.99 2346.69 2346.88 2346.83 2346.24 2345.56 2345.46 2345.13 2344.66 2343.79 2342.77 2341.73
2700.80 2693.50 2687.20 2680.20 2671.30 2662.80 2653.30 2645.40 2636.40 2622.80 2611.40 2600.00 2587.50 2574.10 2561.60 2540.20 2499.50 2486.10 2478.58 2448.81 2417.90 2395.88 2381.28 2365.26 2352.43 2342.03 2339.55 2339.21 2339.55 2341.77 2355.81 2364.77 2350.99 2333.92 2322.37 2313.35 2312.27 2314.04 2319.93 2328.24 2324.96 2327.31 2340.78 2345.85 2345.60 2337.15 2327.74 2329.60 2333.32 2335.29 2337.40 2340.70 2342.92 2344.34 2345.07 2345.21 2345.18 2345.20 2345.20 2344.91 2344.44 2343.79 2343.66 2343.02 2342.44 2341.26 2340.12
2696.90 2689.60 2682.30 2675.30 2665.20 2657.90 2650.10 2639.30 2627.20 2615.10 2604.60 2594.00 2582.40 2571.50 2562.20 2548.40 2533.30 2516.00 2521.07 2451.10 2427.66 2392.87 2378.11 2363.52 2349.69 2339.76 2338.91 2340.69 2345.78 2353.22 2357.85 2361.72 2328.90 2316.55 2308.14 2305.07 2306.40 2309.81 2319.91 2318.99 2321.94 2324.69 2331.89 2329.54 2326.51 2320.13 2318.82 2326.20 2331.42 2333.50 2335.44 2339.87 2341.37 2342.52 2343.31 2343.23 2342.74 2343.23 2343.54 2343.23 2342.44 2341.70 2341.80 2341.51 2340.91 2340.25 2338.68
2690.50 2683.50 2676.70 2664.70 2657.50 2647.10 2637.90 2630.10 2619.70 2604.30 2595.80 2584.10 2573.00 2560.70 2553.40 2542.00 2526.30 2509.50 2504.57 2464.79 2438.53 2390.24 2373.79 2359.27 2347.47 2339.61 2340.87 2344.25 2345.70 2346.67 2337.01 2325.07 2313.87 2303.12 2297.59 2300.85 2302.81 2308.34 2312.05 2321.32 2327.85 2328.16 2333.57 2333.18 2330.10 2321.65 2318.30 2322.53 2329.33 2331.37 2333.41 2338.14 2340.39 2341.02 2342.43 2341.56 2341.13 2341.84 2341.82 2340.87 2340.19 2339.42 2339.89 2339.76 2339.32 2338.34 2337.16
2681.80 2672.00 2663.70 2654.40 2647.10 2636.40 2628.20 2620.70 2609.20 2596.90 2588.10 2580.70 2566.40 2547.90 2532.50 2525.10 2510.30 2479.70 2470.66 2432.78 2411.63 2391.35 2373.79 2355.74 2341.01 2339.24 2342.52 2341.42 2332.94 2330.10 2320.79 2310.91 2300.66 2292.47 2291.24 2294.87 2299.81 2304.52 2314.53 2324.80 2329.05 2328.99 2328.32 2332.94 2332.13 2320.93 2316.86 2321.31 2321.54 2327.30 2331.96 2336.23 2338.21 2339.27 2340.65 2340.46 2339.89 2339.66 2339.22 2338.51 2337.99 2338.24 2338.25 2337.90 2337.22 2336.04 2335.44
2666.90 2658.70 2651.00 2645.30 2635.90 2624.80 2614.50 2604.30 2593.30 2585.50 2576.20 2566.70 2557.40 2542.60 2527.80 2509.60 2486.30 2466.89 2448.45 2430.43 2411.58 2396.37 2381.60 2359.04 2340.10 2339.32 2342.85 2342.47 2327.77 2319.64 2307.85 2299.39 2293.87 2289.49 2289.80 2291.86 2293.23 2303.11 2317.67 2326.27 2329.26 2328.34 2333.84 2331.13 2325.65 2320.87 2320.26 2315.50 2310.34 2322.72 2328.26 2333.24 2334.35 2336.78 2338.28 2336.34 2336.57 2336.60 2336.58 2335.69 2334.95 2335.94 2335.79 2334.84 2334.66 2333.52 2332.72
2653.40 2646.30 2636.00 2623.90 2617.90 2606.50 2599.80 2585.60 2575.90 2563.50 2556.60 2542.80 2534.60 2524.60 2512.70 2493.50 2479.50 2467.75 2451.35 2433.22 2419.72 2406.78 2385.72 2362.28 2342.85 2337.81 2341.30 2336.99 2324.90 2314.28 2306.33 2298.94 2293.49 2287.77 2286.31 2285.44 2285.31 2293.83 2296.85 2305.46 2320.79 2324.46 2324.38 2328.10 2325.66 2320.53 2322.77 2314.07 2307.81 2314.90 2322.33 2327.11 2331.21 2332.39 2334.22 2332.69 2333.40 2333.35 2333.50 2332.39 2332.47 2332.75 2332.33 2331.91 2331.08 2329.85 2329.76
2652.60 2642.00 2632.50 2621.10 2608.50 2597.90 2586.80 2575.00 2562.40 2553.50 2542.50 2533.90 2526.60 2520.90 2511.10 2494.30 2485.47 2472.63 2455.64 2441.63 2428.86 2413.97 2393.86 2367.35 2344.84 2340.85 2341.56 2337.38 2323.17 2314.60 2305.41 2297.74 2292.95 2287.22 2282.30 2278.47 2278.80 2282.84 2286.94 2301.62 2324.01 2327.49 2326.06 2329.62 2325.79 2324.80 2319.86 2310.93 2303.64 2308.77 2316.46 2321.09 2325.93 2327.87 2329.45 2327.55 2328.66 2329.01 2329.38 2328.83 2328.67 2328.28 2328.61 2328.42 2328.36 2326.72 2327.06
2651.80 2644.40 2633.90 2622.10 2611.70 2606.90 2597.80 2586.10 2572.20 2559.30 2549.10 2538.70 2532.50 2526.90 2518.90 2501.60 2490.84 2477.75 2464.08 2453.49 2426.58 2408.51 2389.05 2369.29 2353.20 2345.63 2339.33 2333.39 2319.76 2313.91 2301.32 2294.06 2290.86 2286.40 2277.56 2271.24 2273.51 2282.35 2288.29 2305.95 2311.58 2318.14 2325.27 2327.82 2322.98 2324.22 2314.65 2305.43 2297.48 2304.11 2311.10 2315.44 2319.85 2323.10 2323.78 2324.43 2324.17 2324.39 2324.70 2324.06 2324.48 2324.95 2325.03 2325.33 2325.17 2323.72 2323.99
2646.90 2640.90 2635.60 2630.10 2622.60 2615.60 2607.00 2596.00 2586.00 2574.50 2559.50 2542.00 2528.40 2519.00 2513.30 2505.10 2491.47 2482.81 2474.72 2459.33 2437.69 2421.72 2399.17 2379.94 2360.83 2352.34 2342.63 2327.66 2316.34 2308.48 2298.33 2292.96 2289.05 2282.27 2270.00 2265.94 2267.31 2273.75 2286.31 2298.80 2304.58 2312.26 2318.98 2323.43 2319.86 2320.06 2308.86 2298.24 2290.84 2300.11 2306.65 2310.90 2313.10 2317.14 2317.37 2318.67 2318.99 2320.03 2320.03 2319.37 2320.45 2321.05 2321.87 2322.08 2321.50 2321.13 2321.29
2650.40 2646.60 2640.00 2631.70 2623.10 2616.20 2607.40 2598.80 2589.30 2580.00 2558.60 2542.70 2530.50 2521.00 2515.90 2508.00 2508.78 2495.57 2483.02 2468.67 2459.14 2436.15 2416.68 2397.64 2377.50 2356.73 2345.11 2328.93 2314.79 2304.95 2297.78 2290.64 2282.43 2269.24 2263.20 2262.43 2261.53 2266.18 2281.21 2286.83 2294.41 2298.56 2309.54 2313.93 2316.59 2313.67 2305.55 2291.12 2287.97 2296.66 2302.19 2306.53 2308.84 2310.54 2313.50 2312.92 2313.48 2314.54 2314.97 2314.77 2315.49 2316.82 2318.27 2319.04 2318.24 2318.67 2319.28
2652.50 2645.70 2636.50 2626.90 2619.30 2610.50 2604.00 2593.40 2580.70 2569.80 2559.40 2550.30 2539.40 2529.90 2523.70 2520.10 2511.96 2505.04 2492.27 2487.01 2469.21 2449.25 2427.89 2402.06 2381.61 2365.24 2349.84 2334.27 2316.25 2303.93 2295.72 2286.85 2276.83 2264.58 2259.74 2258.01 2258.40 2260.72 2267.34 2276.09 2286.64 2293.96 2300.37 2307.63 2313.44 2309.44 2304.56 2284.10 2287.62 2293.80 2297.96 2302.22 2305.09 2307.21 2307.79 2306.19 2307.77 2309.86 2308.84 2310.29 2311.90 2313.22 2314.43 2315.21 2315.50 2316.03 2317.17
2644.60 2641.10 2629.80 2622.10 2613.20 2602.50 2598.80 2581.20 2571.30 2559.20 2553.20 2547.20 2542.20 2538.40 2530.80 2526.40 2516.85 2511.44 2502.15 2496.43 2480.74 2448.23 2426.55 2413.30 2396.59 2376.77 2353.33 2342.63 2320.41 2303.27 2293.28 2284.39 2274.10 2262.59 2258.66 2255.42 2255.18 2256.43 2259.37 2263.55 2272.33 2284.02 2290.29 2299.89 2307.47 2304.67 2297.35 2280.74 2287.34 2292.09 2295.85 2298.19 2299.91 2301.07 2301.19 2301.71 2303.11 2305.84 2305.62 2305.91 2308.11 2309.81 2310.76 2312.11 2313.03 2314.08 2315.27
2634.40 2629.10 2620.00 2609.20 2599.60 2595.30 2588.90 2580.40 2570.50 2559.20 2554.50 2549.70 2544.30 2539.70 2534.60 2528.90 2531.04 2517.03 2501.97 2494.37 2475.60 2452.90 2435.46 2417.04 2404.52 2385.97 2359.25 2347.84 2326.81 2307.64 2291.99 2283.42 2269.41 2262.76 2256.24 2253.33 2251.60 2250.88 2252.60 2256.51 2266.45 2273.96 2282.03 2295.09 2302.23 2299.35 2287.15 2277.61 2285.06 2290.70 2292.25 2294.38 2294.75 2294.42 2295.31 2296.86 2298.96 2301.50 2302.27 2303.29 2305.31 2306.93 2308.19 2309.18 2310.70 2311.90 2313.05
2618.20 2613.00 2607.80 2598.90 2592.90 2585.70 2579.00 2574.30 2569.10 2559.00 2552.30 2546.30 2542.00 2537.90 2533.00 2529.60 2533.74 2520.51 2507.22 2491.09 2476.17 2459.01 2440.35 2421.19 2411.99 2395.28 2373.40 2349.83 2326.57 2306.71 2293.21 2279.28 2266.04 2258.24 2255.58 2251.70 2247.25 2246.68 2248.69 2251.38 2260.19 2270.78 2274.86 2280.68 2294.90 2294.23 2283.13 2276.44 2283.18 2286.88 2288.25 2288.76 2289.28 2289.51 2290.65 2293.24 2296.13 2298.47 2299.35 2300.93 2302.68 2304.76 2305.98 2307.08 2308.66 2309.96 2310.86
